75 36 0.100000 0.087266
0.995441 0.993416 0.992432 0.990075 0.991698 0.988472 0.977168 0.967007 0.966721 0.975864 0.975923 0.970871 0.956700 0.941604 0.919823 0.902206 0.887525 0.871572 0.849066 0.818540 0.782546 0.744604 0.706977 0.670591 0.635604 0.601968 0.569835 0.539598 0.511838 0.487288 0.466646 0.450352 0.438427 0.430489 0.425939 0.424224 
0.992908 1.000000 0.986301 0.992366 0.987578 1.000000 0.985915 0.944444 0.960784 0.985507 0.990385 0.956989 0.974359 0.939678 0.917460 0.898169 0.888050 0.877629 0.855588 0.822000 0.783497 0.744089 0.705910 0.669689 0.634773 0.601000 0.568628 0.537981 0.509704 0.484616 0.463635 0.447334 0.435714 0.428243 0.424120 0.422612 
0.983871 0.983333 0.991150 0.956140 0.964286 1.000000 0.952000 0.972973 0.973684 0.965278 0.970060 0.945355 0.938326 0.961404 0.907749 0.869048 0.893491 0.904762 0.870977 0.830163 0.785621 0.740417 0.703142 0.667768 0.632749 0.598811 0.565626 0.534204 0.504414 0.477687 0.455714 0.439438 0.428746 0.422675 0.419831 0.418942 
1.000000 1.000000 0.986301 0.939759 0.949367 0.932584 0.912621 0.941176 0.955556 0.972789 0.943396 0.985816 0.967949 0.962500 0.943396 0.900524 0.894340 0.921914 0.892944 0.862816 0.767857 0.734129 0.699093 0.664037 0.632750 0.593166 0.561793 0.529421 0.496061 0.465639 0.441710 0.425650 0.416998 0.413909 0.413835 0.414308 
0.875000 0.800000 0.961538 0.961538 1.000000 0.939394 0.960000 0.941176 0.967742 0.969697 1.000000 0.988095 0.931624 0.959184 0.953608 0.900990 0.902564 0.883838 0.871795 0.870130 0.807933 0.713647 0.655319 0.714286 0.607190 0.583992 0.562416 0.526710 0.484139 0.446274 0.419108 0.404165 0.399318 0.402082 0.407786 0.411145 
0.722222 0.777778 0.866667 0.961538 0.884615 0.958333 0.967742 1.000000 1.000000 1.000000 1.000000 1.000000 0.972222 0.933333 0.970588 0.930233 0.928058 0.866667 0.794760 0.790795 0.716049 0.748322 0.657702 0.537162 0.541850 0.590278 0.582494 0.531475 0.465879 0.411651 0.386006 0.371766 0.372759 0.387217 0.404827 0.414966 
1.000000 1.000000 1.000000 1.000000 0.920000 0.909091 0.863636 1.000000 1.000000 1.000000 0.956522 0.971429 0.945946 0.979592 1.000000 0.941176 0.900000 0.947368 0.896552 0.860294 0.652968 0.480287 0.557756 0.619529 0.595477 0.612278 0.678233 0.574572 0.377358 0.374850 0.339596 0.320639 0.332536 0.364348 0.414075 0.436996 
0.791667 0.906250 0.871795 0.862069 0.972222 0.948718 0.909091 0.939394 0.954545 0.926829 0.977778 0.966667 0.941176 0.965517 0.965517 0.846154 0.906977 0.929825 0.796296 0.765957 0.743590 0.507246 0.447853 0.458015 0.507987 0.560606 0.555874 0.604301 0.455733 0.290550 0.272025 0.289277 0.201149 0.353134 0.449086 0.502025 
0.933333 1.000000 1.000000 1.000000 0.941176 1.000000 0.888889 0.937500 0.960000 0.944444 0.891892 0.883721 0.964286 0.921569 0.864407 0.900000 0.952381 0.862069 0.871795 0.787234 0.590164 0.466667 0.444444 0.341463 0.390244 0.434066 0.475352 0.424419 0.308094 0.322165 0.245495 0.277397 0.259654 0.312139 0.492083 0.717887 
1.000000 1.000000 0.891892 0.866667 0.787879 0.785714 0.869565 0.923077 0.894737 0.941176 0.900000 1.000000 0.850000 0.941176 0.877551 0.900000 0.877551 0.698113 0.654545 0.725000 0.600000 0.666667 0.500000 0.393443 0.469388 0.500000 0.454545 0.324324 0.237288 0.278626 0.297450 0.305040 0.323256 0.289216 0.326622 0.448352 
1.000000 0.848485 0.883721 0.833333 0.851064 0.807018 0.760870 0.846154 0.803922 0.851064 0.800000 0.846154 0.833333 0.869565 0.842105 0.769231 0.843750 0.675676 0.560000 0.473684 0.409091 0.358491 0.395349 0.358974 0.378378 0.372093 0.254237 0.225806 0.318182 0.316667 0.311475 0.424658 0.333333 0.273810 0.222222 0.186441 
0.805556 0.756098 0.807692 0.775510 0.792453 0.816327 0.775510 0.819672 0.808511 0.740000 0.844444 0.865385 0.780000 0.811321 0.807018 0.809524 0.750000 0.840000 0.727273 0.511111 0.488372 0.311111 0.366667 0.500000 0.438596 0.456522 0.333333 0.205882 0.340909 0.291667 0.354839 0.441176 0.356164 0.419355 0.280000 0.173913 
0.819149 0.797101 0.870588 0.869565 0.852941 0.864865 0.837838 0.843137 0.833333 0.777778 0.897959 0.780000 0.962963 0.949153 0.818182 0.898305 0.701493 0.566667 0.293103 0.375000 0.187500 0.043478 0.270270 0.380000 0.500000 0.379310 0.375000 0.369863 0.265625 0.261905 0.333333 0.431818 0.439024 0.420000 0.333333 0.083333 
0.802326 0.853933 0.853933 0.850575 0.846154 0.890244 0.875000 0.888889 0.895349 0.894118 0.901408 0.929577 0.916667 0.927273 0.931034 0.830769 0.716667 0.550725 0.466667 0.370370 0.305085 0.183333 0.222222 0.371429 0.151515 0.294118 0.400000 0.333333 0.288462 0.338028 0.294118 0.312500 0.237500 0.225000 0.181818 0.045455 
0.750000 0.756410 0.825581 0.862500 0.875000 0.875000 0.824324 0.839080 0.837209 0.914634 0.965517 0.955556 0.940476 0.956522 0.891566 0.714286 0.646154 0.607143 0.584615 0.500000 0.421053 0.400000 0.409836 0.457143 0.309859 0.208333 0.300000 0.354839 0.413793 0.303030 0.250000 0.217391 0.163265 0.193548 0.215190 0.058824 
0.874016 0.845528 0.871560 0.873684 0.812500 0.850575 0.872340 0.873418 0.902174 0.927711 0.973333 0.934211 0.913043 0.890244 0.769231 0.649485 0.593023 0.400000 0.458824 0.359375 0.389831 0.250000 0.229508 0.260870 0.184615 0.169014 0.264706 0.271429 0.298507 0.145161 0.274510 0.181818 0.179487 0.150000 0.060606 0.000000 
0.905109 0.905109 0.910569 0.922131 0.930612 0.925926 0.907834 0.918919 0.900709 0.881890 0.883495 0.913043 0.878049 0.873684 0.770115 0.704545 0.608696 0.563218 0.445783 0.276596 0.138614 0.171429 0.162791 0.222222 0.300000 0.253521 0.257143 0.264706 0.250000 0.081967 0.211268 0.150000 0.125000 0.086957 0.016393 0.000000 
0.882022 0.898396 0.851485 0.910000 0.905830 0.922449 0.945255 0.909465 0.940741 0.964981 0.933824 0.920833 0.846561 0.770270 0.715686 0.619565 0.483871 0.357143 0.337079 0.278351 0.223529 0.206186 0.218750 0.254902 0.177083 0.202128 0.271429 0.193548 0.050847 0.000000 0.013158 0.028169 0.038462 0.012195 0.000000 0.000000 
0.770000 0.774194 0.750000 0.769231 0.788235 0.844156 0.833333 0.862903 0.885714 0.913978 0.907489 0.907473 0.916031 0.896679 0.858182 0.829960 0.681564 0.468750 0.402062 0.282828 0.258427 0.323232 0.308511 0.280899 0.300971 0.203883 0.181818 0.087719 0.070707 0.011111 0.000000 0.026667 0.041096 0.016667 0.000000 0.000000 
0.910345 0.869565 0.896104 0.851351 0.858407 0.800000 0.826531 0.865854 0.850000 0.791209 0.802632 0.797468 0.720000 0.613260 0.620408 0.615132 0.486577 0.239726 0.208835 0.146789 0.200000 0.267327 0.326531 0.298969 0.200000 0.117647 0.105769 0.053571 0.048000 0.023622 0.033333 0.078740 0.038168 0.021429 0.000000 0.000000 
0.930556 0.916667 0.914894 0.867580 0.915423 0.906404 0.932692 0.892857 0.938462 0.888889 0.866142 0.811111 0.822785 0.777778 0.707865 0.652174 0.532468 0.292237 0.185053 0.125000 0.093248 0.113475 0.135514 0.118012 0.150442 0.069307 0.057692 0.082474 0.047619 0.038835 0.077670 0.053435 0.076190 0.075630 0.008065 0.000000 
0.926380 0.929936 0.906667 0.897590 0.924731 0.925373 0.890411 0.908730 0.939130 0.910714 0.894273 0.855204 0.747525 0.752809 0.729323 0.642857 0.432990 0.317647 0.150000 0.062937 0.044643 0.101695 0.135385 0.125392 0.069182 0.036000 0.082927 0.054545 0.032787 0.017544 0.008130 0.009524 0.000000 0.000000 0.000000 0.000000 
0.815385 0.783784 0.833333 0.833333 0.791045 0.768116 0.800000 0.875000 0.850467 0.843137 0.868421 0.832579 0.780876 0.688259 0.565022 0.445946 0.307692 0.301282 0.233010 0.142857 0.080808 0.082474 0.129496 0.111111 0.104693 0.080247 0.083067 0.049708 0.009174 0.003289 0.007905 0.020661 0.024155 0.000000 0.000000 0.000000 
0.882353 0.783333 0.758065 0.741935 0.792208 0.789474 0.762500 0.869565 0.869565 0.857143 0.764706 0.757576 0.709302 0.614754 0.404145 0.292576 0.224409 0.182510 0.064885 0.062201 0.125000 0.150000 0.130000 0.102804 0.048077 0.034188 0.082873 0.062500 0.017065 0.024096 0.014286 0.002762 0.000000 0.000000 0.000000 0.000000 
1.000000 0.860465 0.900000 0.914286 0.787879 0.851064 0.826087 0.813953 0.847826 0.846154 0.883333 0.783784 0.645161 0.625000 0.491803 0.358209 0.387097 0.284091 0.171674 0.080586 0.042969 0.042471 0.044053 0.054645 0.050360 0.035714 0.010000 0.033058 0.035088 0.007874 0.000000 0.000000 0.000000 0.000000 0.000000 0.000000 
1.000000 0.972222 0.837838 0.852941 0.871795 0.894737 0.763158 0.895833 0.882353 0.761905 0.705882 0.608696 0.625000 0.583333 0.515152 0.445946 0.306452 0.196970 0.086957 0.045977 0.026316 0.027650 0.036630 0.030651 0.046875 0.011765 0.012987 0.010309 0.006098 0.000000 0.000000 0.000000 0.000000 0.000000 0.000000 0.000000 
0.970803 0.934307 0.905512 0.895652 0.912621 0.903614 0.847458 0.764706 0.774194 0.756757 0.704545 0.641026 0.733333 0.568182 0.371429 0.395349 0.093023 0.095238 0.078947 0.016667 0.029851 0.015385 0.081081 0.125984 0.086022 0.027778 0.003546 0.015209 0.011152 0.000000 0.000000 0.000000 0.000000 0.000000 0.000000 0.000000 
0.936508 0.950820 0.929825 0.936275 0.927632 0.928571 0.947368 0.934132 0.960784 0.944882 0.848485 0.709091 0.548387 0.433333 0.219512 0.071429 0.000000 0.000000 0.025000 0.000000 0.019608 0.066667 0.058824 0.029412 0.096774 0.104478 0.022222 0.000000 0.000000 0.000000 0.006969 0.003175 0.003356 0.000000 0.000000 0.000000 
0.967153 0.975694 0.964856 0.977273 0.961637 0.931034 0.932692 0.902500 0.865497 0.837209 0.766667 0.639241 0.698113 0.500000 0.470000 0.326923 0.033333 0.024390 0.000000 0.000000 0.000000 0.000000 0.085714 0.043478 0.031250 0.033333 0.000000 0.000000 0.000000 0.000000 0.012658 0.000000 0.000000 0.000000 0.005848 0.000000 
0.895782 0.899485 0.897019 0.905325 0.902597 0.935252 0.860870 0.829268 0.851485 0.813380 0.765700 0.613426 0.595361 0.680451 0.506849 0.377483 0.284722 0.194915 0.214286 0.137931 0.166667 0.000000 0.027027 0.028571 0.000000 0.000000 0.000000 0.000000 0.000000 0.000000 0.023256 0.011236 0.000000 0.000000 0.000000 0.000000 
0.972093 0.948936 0.966790 0.944262 0.935976 0.962536 0.945736 0.919725 0.878924 0.738693 0.589577 0.407080 0.458333 0.577358 0.554960 0.469734 0.253823 0.161616 0.133803 0.044304 0.015748 0.000000 0.026316 0.025000 0.000000 0.000000 0.000000 0.000000 0.000000 0.000000 0.000000 0.000000 0.000000 0.000000 0.000000 0.000000 
0.911765 0.921053 0.916667 0.914062 0.875969 0.824324 0.852349 0.898649 0.807292 0.782101 0.807571 0.669154 0.609375 0.484772 0.441077 0.299492 0.188073 0.084211 0.060475 0.015464 0.021645 0.014184 0.013605 0.044776 0.063063 0.057692 0.000000 0.000000 0.000000 0.000000 0.000000 0.000000 0.000000 0.000000 0.000000 0.000000 
0.919107 0.933428 0.926513 0.945537 0.918398 0.898305 0.910169 0.866538 0.883929 0.729560 0.530769 0.476510 0.414201 0.463602 0.470914 0.392111 0.226872 0.098462 0.055300 0.019139 0.005952 0.002155 0.002451 0.003788 0.013605 0.018750 0.012903 0.014706 0.000000 0.000000 0.000000 0.000000 0.000000 0.000000 0.000000 0.000000 
0.920415 0.936242 0.931153 0.915905 0.909804 0.905858 0.852608 0.811563 0.686047 0.711146 0.709231 0.654762 0.608392 0.383333 0.248227 0.147887 0.180000 0.139610 0.093137 0.047191 0.013624 0.007722 0.026042 0.011152 0.000000 0.000000 0.000000 0.000000 0.000000 0.000000 0.000000 0.000000 0.000000 0.000000 0.000000 0.000000 
0.888631 0.903448 0.860849 0.849010 0.852332 0.820000 0.809313 0.815145 0.808743 0.752632 0.724074 0.595506 0.484716 0.508197 0.461783 0.341198 0.225080 0.023438 0.021583 0.033520 0.014493 0.002632 0.045455 0.053364 0.066667 0.033473 0.000000 0.000000 0.006696 0.017964 0.053498 0.066508 0.057143 0.028329 0.021341 0.006192 
0.855219 0.894198 0.868852 0.872964 0.827795 0.795455 0.822165 0.781457 0.615909 0.513253 0.423645 0.444444 0.542914 0.469965 0.308943 0.186364 0.220370 0.163793 0.082555 0.085714 0.008065 0.008621 0.006536 0.000000 0.000000 0.000000 0.010846 0.004619 0.017910 0.030717 0.027149 0.068493 0.134199 0.101083 0.042484 0.018405 
0.870968 0.860335 0.832258 0.848684 0.811688 0.746753 0.641176 0.615385 0.551724 0.455782 0.329609 0.255924 0.187773 0.146699 0.221945 0.235426 0.141593 0.096154 0.038388 0.028070 0.033708 0.012066 0.024490 0.009756 0.007407 0.000000 0.000000 0.000000 0.002959 0.032258 0.132505 0.101167 0.063197 0.018018 0.003929 0.001919 
0.890080 0.897019 0.872679 0.848397 0.803681 0.795455 0.687500 0.595331 0.460177 0.375796 0.375796 0.322034 0.270642 0.177778 0.098266 0.059735 0.044053 0.065463 0.064795 0.055846 0.031696 0.007394 0.002028 0.010558 0.013966 0.007752 0.006316 0.000000 0.000000 0.000000 0.000000 0.023529 0.034632 0.022814 0.010676 0.000000 
0.873096 0.881818 0.906250 0.909483 0.854251 0.718045 0.693603 0.600000 0.426136 0.283379 0.227920 0.247557 0.241667 0.216931 0.159091 0.058201 0.036232 0.048649 0.028509 0.036437 0.031042 0.032189 0.033865 0.020548 0.022034 0.036842 0.036484 0.017370 0.020859 0.021477 0.023392 0.032550 0.029484 0.010169 0.000000 0.000000 
0.773810 0.823529 0.773196 0.736842 0.787879 0.790000 0.666667 0.500000 0.335227 0.165919 0.120301 0.103774 0.093373 0.115702 0.074405 0.060606 0.047826 0.011111 0.023697 0.007905 0.002915 0.016827 0.007874 0.014675 0.021834 0.023256 0.037277 0.026549 0.029155 0.017350 0.012915 0.007181 0.011382 0.007321 0.000000 0.000000 
0.782258 0.803419 0.882883 0.785047 0.700000 0.600000 0.530612 0.541667 0.487603 0.352381 0.232143 0.181102 0.181250 0.172093 0.127341 0.098551 0.060052 0.020672 0.014620 0.010714 0.005102 0.020513 0.037383 0.033113 0.030691 0.037037 0.030246 0.024242 0.013043 0.009452 0.007194 0.015707 0.012232 0.000000 0.000000 0.000000 
0.881818 0.863248 0.844660 0.822430 0.809091 0.700855 0.666667 0.547619 0.409091 0.339623 0.258621 0.186992 0.174603 0.130081 0.112069 0.099291 0.057895 0.026515 0.018349 0.005362 0.005013 0.002874 0.010239 0.024272 0.016216 0.032710 0.007782 0.011834 0.017766 0.010616 0.005964 0.000000 0.000000 0.001980 0.000000 0.000000 
0.838710 0.802083 0.833333 0.823529 0.774194 0.733333 0.666667 0.591398 0.422018 0.371681 0.209091 0.150000 0.112903 0.111111 0.069767 0.075630 0.055118 0.053030 0.046154 0.027778 0.003937 0.000000 0.000000 0.000000 0.000000 0.000000 0.000000 0.000000 0.000000 0.000000 0.000000 0.000000 0.003636 0.000000 0.000000 0.000000 
0.762712 0.696429 0.706897 0.793103 0.696429 0.585714 0.521127 0.386667 0.358025 0.413333 0.336957 0.292929 0.216495 0.150000 0.079365 0.054054 0.038168 0.037313 0.008264 0.040650 0.028986 0.029197 0.006098 0.000000 0.000000 0.000000 0.000000 0.000000 0.000000 0.000000 0.000000 0.000000 0.000000 0.000000 0.000000 0.000000 
0.638298 0.685185 0.745455 0.772727 0.862745 0.681818 0.545455 0.520000 0.416667 0.416667 0.312500 0.375000 0.240964 0.138298 0.122807 0.082474 0.019231 0.045872 0.051852 0.034722 0.044776 0.007353 0.000000 0.000000 0.000000 0.000000 0.000000 0.000000 0.000000 0.000000 0.000000 0.000000 0.000000 0.000000 0.000000 0.000000 
0.738095 0.809524 0.673469 0.673913 0.681818 0.659091 0.568182 0.533333 0.444444 0.383333 0.533333 0.438596 0.385965 0.194030 0.100000 0.103448 0.070707 0.034188 0.018868 0.028037 0.000000 0.014388 0.020134 0.000000 0.006369 0.016000 0.006289 0.000000 0.007194 0.000000 0.000000 0.000000 0.000000 0.000000 0.000000 0.000000 
0.675676 0.645161 0.585366 0.541667 0.611111 0.575000 0.658537 0.487805 0.489362 0.285714 0.358491 0.340000 0.383333 0.285714 0.203390 0.166667 0.142857 0.103896 0.088889 0.069307 0.061947 0.030000 0.018018 0.015748 0.041322 0.041096 0.013699 0.000000 0.000000 0.000000 0.000000 0.000000 0.000000 0.000000 0.000000 0.000000 
0.500000 0.612903 0.588235 0.606061 0.696970 0.457143 0.627907 0.521739 0.283019 0.320000 0.259259 0.326923 0.420000 0.218182 0.129032 0.076923 0.000000 0.013333 0.000000 0.000000 0.000000 0.000000 0.000000 0.017094 0.063636 0.028037 0.033333 0.023622 0.000000 0.000000 0.000000 0.000000 0.000000 0.000000 0.000000 0.000000 
0.835294 0.838323 0.857143 0.758621 0.784722 0.544643 0.524272 0.405063 0.232558 0.333333 0.369565 0.339286 0.347222 0.301587 0.245902 0.147541 0.034483 0.000000 0.016129 0.000000 0.000000 0.000000 0.000000 0.000000 0.000000 0.010417 0.021505 0.010204 0.008696 0.008333 0.023256 0.000000 0.000000 0.000000 0.000000 0.000000 
0.816176 0.857143 0.878378 0.820809 0.752747 0.543210 0.448276 0.392857 0.371859 0.413408 0.405229 0.427350 0.311475 0.175439 0.084746 0.094595 0.083333 0.046875 0.048387 0.033898 0.079365 0.074627 0.061538 0.083333 0.088608 0.100000 0.081967 0.076923 0.069444 0.032258 0.032609 0.010638 0.000000 0.000000 0.000000 0.000000 
0.851282 0.848168 0.807692 0.672222 0.494318 0.494845 0.405556 0.410256 0.411111 0.377358 0.353933 0.356757 0.344186 0.269430 0.147436 0.118812 0.183333 0.103448 0.046154 0.025641 0.016129 0.059701 0.015873 0.000000 0.000000 0.000000 0.000000 0.000000 0.000000 0.000000 0.000000 0.000000 0.000000 0.000000 0.000000 0.000000 
0.752688 0.729885 0.641618 0.418079 0.183007 0.073864 0.078534 0.089623 0.078947 0.153846 0.226131 0.327957 0.340659 0.151685 0.051813 0.040724 0.087558 0.122093 0.147059 0.058824 0.000000 0.000000 0.000000 0.000000 0.000000 0.000000 0.000000 0.000000 0.000000 0.000000 0.000000 0.000000 0.000000 0.000000 0.000000 0.000000 
0.542857 0.520000 0.391753 0.305085 0.135484 0.055556 0.038710 0.080000 0.085714 0.075269 0.091954 0.077670 0.060748 0.089286 0.066667 0.107784 0.048913 0.015464 0.026316 0.040179 0.010363 0.000000 0.000000 0.000000 0.000000 0.000000 0.000000 0.000000 0.000000 0.000000 0.000000 0.000000 0.000000 0.000000 0.000000 0.000000 
0.825806 0.852564 0.835366 0.748503 0.576642 0.506944 0.395522 0.386792 0.250000 0.153153 0.061728 0.042945 0.041176 0.043011 0.046392 0.032520 0.018100 0.000000 0.000000 0.005618 0.000000 0.000000 0.000000 0.000000 0.000000 0.000000 0.000000 0.000000 0.000000 0.000000 0.000000 0.000000 0.000000 0.000000 0.000000 0.000000 
0.837209 0.710983 0.780347 0.724138 0.657459 0.657303 0.534884 0.517045 0.406977 0.353659 0.357143 0.338583 0.252033 0.116279 0.057471 0.044199 0.042781 0.020513 0.004255 0.000000 0.000000 0.000000 0.000000 0.000000 0.000000 0.000000 0.000000 0.000000 0.000000 0.000000 0.000000 0.000000 0.000000 0.000000 0.000000 0.000000 
0.376884 0.475113 0.467811 0.512712 0.450593 0.367188 0.354582 0.397541 0.488764 0.411111 0.354651 0.460000 0.408377 0.336957 0.348993 0.235294 0.062500 0.024390 0.017143 0.005155 0.000000 0.000000 0.000000 0.000000 0.000000 0.000000 0.000000 0.000000 0.000000 0.000000 0.000000 0.000000 0.000000 0.000000 0.000000 0.000000 
0.128655 0.236994 0.281879 0.256098 0.238889 0.136095 0.049383 0.106145 0.236364 0.291667 0.400826 0.442308 0.415179 0.381910 0.365000 0.366337 0.350515 0.280255 0.190141 0.054688 0.000000 0.000000 0.000000 0.000000 0.000000 0.000000 0.000000 0.000000 0.000000 0.000000 0.000000 0.000000 0.000000 0.000000 0.000000 0.000000 
0.311475 0.449275 0.415730 0.319149 0.168142 0.110294 0.100629 0.090909 0.123596 0.083333 0.077778 0.036649 0.119266 0.144487 0.228374 0.229839 0.195238 0.142077 0.068421 0.054645 0.022857 0.012903 0.008000 0.000000 0.005714 0.000000 0.000000 0.000000 0.000000 0.000000 0.000000 0.000000 0.000000 0.000000 0.000000 0.000000 
0.192308 0.275862 0.320000 0.400000 0.480000 0.290323 0.391304 0.200000 0.078125 0.132075 0.069231 0.058140 0.051020 0.051020 0.030928 0.009390 0.012000 0.011858 0.025210 0.027650 0.039801 0.029268 0.033333 0.025000 0.000000 0.000000 0.000000 0.000000 0.000000 0.000000 0.000000 0.000000 0.000000 0.000000 0.000000 0.000000 
0.666667 0.625000 0.516129 0.428571 0.500000 0.555556 0.181818 0.257143 0.242424 0.093750 0.250000 0.281250 0.101449 0.080357 0.020270 0.000000 0.000000 0.000000 0.000000 0.004292 0.022556 0.028881 0.038760 0.038095 0.000000 0.000000 0.000000 0.000000 0.000000 0.000000 0.000000 0.000000 0.000000 0.000000 0.000000 0.000000 
0.000000 0.333333 0.600000 0.450000 0.518519 0.535714 0.500000 0.448276 0.302326 0.219512 0.181818 0.190476 0.093023 0.023810 0.000000 0.000000 0.000000 0.000000 0.000000 0.000000 0.000000 0.000000 0.012500 0.003546 0.000000 0.000000 0.000000 0.000000 0.000000 0.000000 0.000000 0.000000 0.000000 0.000000 0.000000 0.000000 
0.281250 0.225806 0.218750 0.200000 0.259259 0.258065 0.200000 0.227273 0.269231 0.250000 0.125000 0.044444 0.000000 0.000000 0.000000 0.000000 0.000000 0.000000 0.000000 0.000000 0.000000 0.000000 0.000000 0.000000 0.000000 0.000000 0.000000 0.000000 0.000000 0.000000 0.000000 0.000000 0.000000 0.000000 0.000000 0.000000 
0.444444 0.650000 0.666667 0.565217 0.428571 0.222222 0.129032 0.100000 0.046512 0.000000 0.000000 0.000000 0.000000 0.000000 0.000000 0.000000 0.000000 0.000000 0.000000 0.000000 0.000000 0.000000 0.000000 0.000000 0.000000 0.000000 0.000000 0.000000 0.000000 0.000000 0.000000 0.000000 0.000000 0.000000 0.000000 0.000000 
0.692308 0.738095 0.687500 0.560000 0.552632 0.405405 0.259259 0.185185 0.125000 0.060606 0.000000 0.000000 0.000000 0.000000 0.000000 0.000000 0.000000 0.000000 0.000000 0.000000 0.000000 0.000000 0.000000 0.000000 0.000000 0.000000 0.000000 0.000000 0.000000 0.000000 0.000000 0.000000 0.000000 0.000000 0.000000 0.000000 
0.725490 0.740000 0.593220 0.563380 0.439024 0.512500 0.482353 0.519481 0.321429 0.171875 0.039216 0.029412 0.000000 0.000000 0.000000 0.000000 0.000000 0.000000 0.000000 0.000000 0.000000 0.000000 0.000000 0.000000 0.000000 0.000000 0.000000 0.000000 0.000000 0.000000 0.000000 0.000000 0.000000 0.000000 0.000000 0.000000 
0.583333 0.446809 0.333333 0.355932 0.421875 0.311475 0.376812 0.329114 0.279570 0.336634 0.148515 0.153846 0.031915 0.000000 0.000000 0.000000 0.000000 0.000000 0.000000 0.000000 0.000000 0.000000 0.000000 0.000000 0.000000 0.000000 0.000000 0.000000 0.000000 0.000000 0.000000 0.000000 0.000000 0.000000 0.000000 0.000000 
0.561404 0.596491 0.534483 0.435897 0.349398 0.279570 0.238938 0.287037 0.287129 0.370787 0.333333 0.084337 0.034091 0.000000 0.000000 0.000000 0.000000 0.000000 0.000000 0.000000 0.000000 0.000000 0.000000 0.000000 0.000000 0.000000 0.000000 0.000000 0.000000 0.000000 0.000000 0.000000 0.000000 0.000000 0.000000 0.000000 
0.793103 0.732143 0.551020 0.355556 0.278689 0.283951 0.230769 0.303571 0.271186 0.177966 0.108333 0.113821 0.070796 0.010753 0.000000 0.000000 0.000000 0.000000 0.000000 0.000000 0.000000 0.000000 0.000000 0.000000 0.000000 0.000000 0.000000 0.000000 0.000000 0.000000 0.000000 0.000000 0.000000 0.000000 0.000000 0.000000 
0.361111 0.305556 0.257143 0.216216 0.044444 0.000000 0.045455 0.207792 0.250000 0.242718 0.169492 0.142857 0.142857 0.177966 0.150794 0.084746 0.038095 0.011765 0.000000 0.000000 0.000000 0.000000 0.000000 0.000000 0.000000 0.000000 0.000000 0.000000 0.000000 0.000000 0.000000 0.000000 0.000000 0.000000 0.000000 0.000000 
0.000000 0.000000 0.000000 0.000000 0.000000 0.000000 0.018868 0.017544 0.151515 0.074627 0.100000 0.069444 0.026316 0.024390 0.021505 0.045872 0.050847 0.032000 0.000000 0.000000 0.000000 0.000000 0.000000 0.000000 0.000000 0.000000 0.000000 0.000000 0.000000 0.000000 0.000000 0.000000 0.000000 0.000000 0.000000 0.000000 
0.000000 0.000000 0.000000 0.000000 0.000000 0.000000 0.000000 0.000000 0.000000 0.000000 0.020000 0.035714 0.107143 0.064516 0.030769 0.000000 0.010753 0.009009 0.000000 0.000000 0.000000 0.000000 0.000000 0.000000 0.000000 0.000000 0.000000 0.000000 0.000000 0.000000 0.000000 0.000000 0.000000 0.000000 0.000000 0.000000 
0.000000 0.000000 0.000000 0.000000 0.000000 0.000000 0.000000 0.000000 0.000000 0.000000 0.000000 0.000000 0.000000 0.000000 0.000000 0.000000 0.000000 0.027778 0.037037 0.009804 0.000000 0.000000 0.000000 0.000000 0.000000 0.000000 0.000000 0.000000 0.000000 0.000000 0.000000 0.000000 0.000000 0.000000 0.000000 0.000000 
0.000000 0.000000 0.000000 0.000000 0.000000 0.000000 0.000000 0.000000 0.000000 0.000000 0.000000 0.000000 0.000000 0.000000 0.000000 0.000000 0.036364 0.000000 0.000000 0.015873 0.014493 0.000000 0.014286 0.000000 0.010526 0.008264 0.000000 0.000000 0.000000 0.000000 0.000000 0.000000 0.000000 0.000000 0.000000 0.000000 
0.000000 0.000000 0.000000 0.000000 0.000000 0.000000 0.000000 0.000000 0.000000 0.000000 0.000000 0.000000 0.000000 0.000000 0.000000 0.000000 0.000000 0.000000 0.000000 0.000000 0.017241 0.000000 0.000000 0.000000 0.000000 0.000000 0.021277 0.000000 0.000000 0.000000 0.000000 0.000000 0.000000 0.000000 0.000000 0.000000 
0.000000 0.000000 0.000000 0.000000 0.000000 0.000000 0.000000 0.000000 0.000000 0.000000 0.000000 0.000000 0.000000 0.000000 0.000000 0.000000 0.000000 0.000000 0.000000 0.000000 0.000000 0.000000 0.000000 0.000000 0.000000 0.000000 0.000000 0.000000 0.000000 0.000000 0.000000 0.016393 0.000000 0.000000 0.030303 0.000000 
